open user profile

                  35                  123                  158
                   7                    5                   12
                   6                   10                   16
                  34                  165                  199
                  32                  151                  183
                   5                   10                   15
                   5                    4                    9
                   4                   37                   41
                   6                    5                   11
                   5                   10                   15
                  35                  142                  177
                   5                   10                   15
                   5                    4                    9
                  42                  152                  194
                   7                    6                   13
                   5                   10                   15
                  43                 1092                 1135
                  27                   38                   65
                  40                  157                  197
                   7                    6                   13
                   5                   10                   15
                  37                  147                  184
                   5                   10                   15
                   8                    7                   15
                   3                   26                   29
                  19                  213                  232
                  36                  156                  192
                   5                   10                   15
                   6                    5                   11
                   3                   20                   23
                  32                  137                  169
                   7                    5                   12
                   5                   10                   15
                   3                    7                   10
                  33                  128                  161
                   6                    5                   11
                   5                   10                   15
                   3                   39                   42
                  37                  149                  186
                   5                   10                   15
                   6                    5                   11
                   3                   47                   50
                  33                  112                  145
                   7                    5                   12
                   5                   10                   15
                  31                  378                  409
in   out   all
15.2826086957   97.847826087   97.847826087


post_on_wall

                   8                    6                   14
                   3                    6                    9
                  37                   79                  116
                   9                    7                   16
                   3                    6                    9
                  40                  141                  181
                   8                    6                   14
                   3                    6                    9
                  39                  148                  187
                   9                    8                   17
                   3                    8                   11
                   3                    6                    9
                  38                  146                  184
                   9                    8                   17
                   4                    6                   10
                  36                   80                  116
                   9                    8                   17
                   3                    6                    9
                  42                   84                  126
                   9                    8                   17
                   3                    6                    9
                  36                  133                  169
                   9                    8                   17
                   3                    6                    9
                  43                  139                  182
                  41                  147                  188
                   8                    6                   14
                   3                   24                   27
                   4                    6                   10
                  55                   83                  138
                   9                    7                   16
                   3                    6                    9
                   3                    6                    9
                  37                   81                  118
                   9                    8                   17
                   4                    6                   10
                   7                    6                   13
                  39                  139                  178
in   out   all
16.6052631579   58.4473684211   58.4473684211


send_message

                  32                   55                   87
                   7                    6                   13
                  14                   37                   51
                   3                    5                    8
                  27                   49                   76
                   7                    6                   13
                  12                   32                   44
                   3                    6                    9
                   3                    8                   11
                  31                   53                   84
                   5                    4                    9
                   9                   21                   30
                   3                    5                    8
                  25                   51                   76
                   7                    6                   13
                  32                   55                   87
                   7                    6                   13
                  29                   51                   80
                  12                   36                   48
                   3                    5                    8
                  32                   60                   92
                   3                   14                   17
                   7                    6                   13
                  13                   33                   46
                   3                    6                    9
                  29                   51                   80
                   7                    6                   13
                  10                   29                   39
                   7                    6                   13
                  29                   57                   86
                   6                   11                   17
                  27                   80                  107
                   5                    4                    9
                   3                   35                   38
                   9                   29                   38
                   3                    6                    9
                  31                   51                   82
                   7                    6                   13
                  10                   28                   38
                   3                    5                    8
                  30                   89                  119
                   6                    5                   11
                  12                   32                   44
                   3                    6                    9
in   out   all
12.8636363636   39.0454545455   39.0454545455