0 0
1 28995
2 0
3 28995
4 28995
5 28995
6 28995
7 28995
8 28995
9 28995
10 28995
11 28995
12 28995
13 0
14 28996
15 0
16 0
17 28996
18 28996
19 0
20 0
21 0
22 28996
23 28996
24 28996
25 28996
26 28996
27 28996
28 28996
29 28997
30 28997
31 0
32 28997
33 28997
34 28997
35 0
36 28997
37 28997
38 28997
39 28998
40 28998
41 0
42 28998
43 28998
44 28999
45 28999
46 0
47 0
48 0
49 28999
50 28999
51 28999
52 28999
53 28999
54 28999
55 29000
56 29000
57 29000
58 29000
59 29000
60 29000
61 29000
62 0
63 29001
64 29001
65 0
66 29001
67 29001
68 29001
69 29001
70 29002
71 29002
72 0
73 29002
74 29002
75 29002
76 29002
77 29002
78 29002
79 29002
80 29003
81 0
82 29003
83 0
84 0
85 29003
86 29003
87 29004
88 29004
89 0
90 29004
91 29004
92 29004
93 29005
94 29005
95 0
96 29005
97 29005
98 29005
99 29005
100 29005
101 29005
102 29006
103 0
104 29006
105 0
106 0
107 29006
108 29007
109 29007
110 29007
111 29007
112 29007
113 29008
114 29008
115 29008
116 0
117 29008
118 29008
119 29008
120 29008
121 29008
122 29008
123 29008
124 29008
125 29009
126 29009
127 0
128 29009
129 29009
130 29009
131 29009
132 29009
133 29009
134 29010
135 29010
136 0
137 0
138 0
139 29010
140 29010
141 29010
142 29010
143 29010
144 29010
145 29011
146 29011
147 0
148 29011
149 29011
150 29011
151 29011
152 29011
153 29012
154 29012
155 0
156 29012
157 29012
158 29012
159 29012
160 0
161 29012
162 29012
163 29013
164 29013
165 29013
166 29013
167 29014
168 29014
169 0
170 0
171 0
172 29014
173 29014
174 29014
175 29014
176 29014
177 29015
178 29015
179 29015
180 29015
181 29016
182 29016
183 29016
184 29016
185 29016
186 29016
187 29017
188 0
189 0
190 0
191 29017
192 29017
193 29017
194 29017
195 29018
196 29018
197 29018
198 29018
199 29018