0 0
1 1798
2 1798
3 0
4 1798
5 1798
6 1798
7 1799
8 1799
9 1799
10 1799
11 1799
12 1799
13 1800
14 1800
15 0
16 0
17 0
18 1800
19 1800
20 1800
21 1800
22 1800
23 1800
24 1802
25 0
26 1802
27 0
28 0
29 1802
30 1802
31 1802
32 1803
33 1803
34 1803
35 1803
36 1803
37 1803
38 1803
39 1803
40 1803
41 1803
42 1804
43 1804
44 1804
45 1804
46 1804
47 1804
48 1805
49 1805
50 1805
51 1806
52 1806
53 0
54 1806
55 1806
56 1807
57 0
58 1808
59 0
60 0
61 1808
62 1808
63 1809
64 1809
65 1809
66 1810
67 1810
68 0
69 0
70 0
71 1810
72 1811
73 1811
74 1812
75 1812
76 0
77 1812
78 1812
79 1813
80 1813
81 1813
82 1813
83 1813
84 1814
85 1814
86 0
87 1814
88 1815
89 1815
90 1815
91 1815
92 1816
93 1816
94 1817
95 1817
96 1817
97 1817
98 1818
99 1818
100 1818
101 1819
102 1819
103 1819
104 1820
105 1820
106 1820
107 0
108 0
109 0
110 1820
111 1821
112 1821
113 1821
114 1822
115 1822
116 0
117 1822
118 1822
119 0
120 1822
121 1823
122 1823
123 1823
124 1823
125 1823
126 1823
127 1823
128 1824
129 1824
130 1824
131 1824
132 1824
133 1825
134 1825
135 1825
136 1825
137 1825
138 1825
139 1826
140 1826
141 1826
142 1826
143 1826
144 1827
145 1827
146 0
147 1828
148 1828
149 1828
150 0
151 0
152 0
153 1828
154 1828
155 1829
156 1829
157 1829
158 1830
159 0
160 0
161 0
162 1830
163 1830
164 1830
165 1830
166 1831
167 1831
168 1831
169 1832
170 1832
171 1832
172 1833
173 1833
174 1833
175 1833
176 1833
177 1834
178 1834
179 1834
180 1834
181 1835
182 1835
183 1835
184 1835
185 1835
186 1836
187 1836
188 1836
189 1836
190 1836
191 1837
192 1838
193 0
194 1838
195 0
196 0
197 1838
198 1838
199 1838
200 1840
201 1840
202 0
203 1840
204 1840
205 1841
206 0
207 0
208 1842
209 0
210 1842
211 1842
212 1842
213 1843
214 1843
215 0
216 0
217 1844
218 0
219 1844
220 1844
221 1844
222 1845
223 1845
224 1846
225 0
226 0
227 1846
228 0
229 1846
230 1846
231 1847
232 1847
233 1847
234 1848
235 1848
236 0
237 0
238 0
239 1848
240 1848
241 1849
242 1849
243 1849
244 1849
245 1849
246 1850
247 1850
248 1850
249 1851