0 66919
1 66919
2 66919
3 66919
4 66919
5 66919
6 66919
7 66919
8 66919
9 66919
10 66920
11 66920
12 66920
13 66920
14 66920
15 66920
16 66920
17 66920
18 66921
19 66921
20 66921
21 66921
22 66921
23 66921
24 66921
25 66921
26 66921
27 66921
28 66922
29 66922
30 66922
31 66922
32 66922
33 66922
34 66922
35 66922
36 66922
37 66922
38 66922
39 66923
40 66923
41 66923
42 66923
43 66924
44 66924
45 66924
46 66924
47 66924
48 66924
49 66924
50 66924
51 66924
52 66924
53 66924
54 66924
55 66924
56 66925
57 66925
58 66925
59 66925
60 66925
61 66925
62 66926
63 66926
64 66926
65 66926
66 66926
67 66926
68 66926
69 66926
70 66927
71 66927
72 66927
73 66927
74 66927
75 66928
76 66928
77 66928
78 66928
79 66928
80 66928
81 66929
82 66929
83 66929
84 66929
85 66929
86 66929
87 66930
88 66930
89 66930
90 66930
91 66930
92 66930
93 66930
94 66930
95 66930
96 66930
97 66931
98 66931
99 66931
100 66931
101 66931
102 66931
103 66932
104 66932
105 66932
106 66932
107 66933
108 66933
109 66933
110 66933
111 66933
112 66933
113 66933
114 66934
115 66934
116 66934
117 66934
118 66934
119 66934
120 66935
121 66935
122 66935
123 66935
124 66935
125 66935
126 66935
127 66935
128 66935
129 66935
130 66935
131 66935
132 66935
133 66936
134 66936
135 66936
136 66936
137 66936
138 66936
139 66936
140 66936
141 66936
142 66936
143 66936
144 66936
145 66937
146 66937
147 66937
148 66937
149 66937
150 66937
151 66938
152 66938
153 66938
154 66938
155 66938
156 66939
157 66939
158 66939
159 66939
160 66940
161 66940
162 66940
163 66940
164 66940
165 66941
166 66941
167 66941
168 66941
169 66941
170 66941
171 66941
172 66941
173 66942
174 66942
175 66942
176 66942
177 66943
178 66943
179 66943
180 66943
181 66943
182 66944
183 66944
184 66944
185 66944
186 66944
187 66945
188 66945
189 66945
190 66945
191 66945
192 66945
193 66946
194 66946
195 66946
196 66946
197 66946
198 66947
199 66947
200 66947
201 66947
202 66947
203 66947
204 66947
205 66947
206 66947
207 66947
208 66948
209 66948
210 66948
211 66948
212 66948
213 66948
214 66948
215 66948
216 66949
217 66949
218 66949
219 66949
220 66949
221 66950
222 66950
223 66950
224 66950
225 66950
226 66950
227 66951
228 66951
229 66951
230 66951
231 66951
232 66952
233 66952
234 66952
235 66952
236 66952
237 66953
238 66953
239 66953
240 66953
241 66953
242 66953
243 66953
244 66953