0 3326
1 3326
2 0
3 3326
4 3326
5 3327
6 3327
7 3327
8 3327
9 0
10 3328
11 0
12 3328
13 3328
14 3329
15 3329
16 3329
17 0
18 3330
19 3330
20 3330
21 3330
22 3330
23 3331
24 3331
25 3331
26 3331
27 3331
28 3332
29 3332
30 3332
31 3332
32 3332
33 3332
34 3332
35 3332
36 3333
37 3333
38 3333
39 3334
40 3335
41 3335
42 3335
43 3336
44 3336
45 3336
46 3336
47 3336
48 3336
49 0
50 0
51 3337
52 3337
53 3337
54 3337
55 3337
56 3338
57 3338
58 3339
59 3339
60 3339
61 3339
62 3340
63 3340
64 3341
65 3341
66 3341
67 3341
68 3341
69 3341
70 3342
71 3342
72 3343
73 3343
74 3343
75 3344
76 3344
77 3344
78 3345
79 3345
80 3345
81 3346
82 3346
83 3346
84 3347
85 3347
86 3347
87 3348
88 3348
89 3348
90 3349
91 3349
92 3349
93 3349
94 3349
95 3349
96 3349
97 3350
98 3350
99 3350
100 3351
101 3351
102 3351
103 3352
104 3352
105 3353
106 3353
107 3354
108 3354
109 3355
110 3355
111 0
112 3355
113 3355
114 3356
115 3356
116 3357
117 3357
118 3357
119 3357
120 3358
121 3358
122 3358
123 3358
124 3358
125 3358
126 3358
127 0
128 3359
129 3359
130 3359
131 3359
132 3359
133 3360
134 3360
135 3360
136 3361
137 3361
138 3361
139 3361
140 3361
141 3361
142 3361
143 3361
144 3361
145 3362
146 3362
147 3362
148 3363
149 3363
150 3363
151 3364
152 3364
153 3364
154 3365
155 3365
156 3366
157 3367
158 3367
159 3367
160 3368
161 3368
162 3369
163 3369
164 3369
165 3370
166 3370
167 3370
168 3371
169 3371
170 3371
171 3371
172 3371
173 3372
174 3372
175 3372
176 3373
177 3374
178 3374
179 3374
180 3375
181 3375
182 3376
183 3376
184 3376
185 3377
186 3377
187 3378
188 3378
189 3379
190 3379
191 0
192 3379
193 3380
194 3380
195 3380
196 3381
197 3381
198 3382
199 3382
200 3382
201 3383
202 3383
203 3383
204 3383
205 3383
206 3383
207 3384
208 3384
209 3384
210 3385
211 3385
212 3385
213 3385
214 3385
215 3385
216 3386
217 3387
218 3387
219 3387
220 3387
221 3388
222 3388
223 3389
224 3389
225 3389
226 0
227 3390
228 3390
229 3390
230 3391
231 3391
232 3392
233 3392
234 3392
235 3393
236 3393
237 3394
238 3394
239 3394
240 3395
241 3395
242 0
243 0
244 3395